EO/IO Summary (13/12/2018 23:40pm)
Project Name: C:\ImagesDissertation\109CANON\109CANON_1.pmx
______________________________________________________________________________________________________

Camera number: 1, name: Canon EOS 6D, ID: default
Calibration Date: never
Resolution: 5472 x 3648 pixels, Pixel Size = 0.005000 mm

 c =   20.000000 mm
xp =    0.000000 mm
yp =   -0.000000 mm
K1 =  3.4103e-19
K2 =  1.3050e-21
K3 =  5.8471e-26
P1 =  0.0000e+00
P2 =  0.0000e+00
B1 =  0.0000e+00
B2 =  0.0000e+00

Maximum observational radial distance encountered: 8.1mm
______________________________________________________________________________________________________

Exterior orientation summary (Xc, Yc, Zc are in project units, rotations are in radians)

Camera    Image             Xc            Yc            Zc        Azimuth      Elevation        Roll
# 1   IMG_0014.JPG       12.4227       -1.1687     -108.2760    0.02053994    0.09896354   -0.05609009
# 1   IMG_0015.JPG       26.1917      -20.4300      -87.2974   -0.02808602    0.14382356    1.46126755
# 1   IMG_0016.JPG       22.9374       -0.9504       49.2458   -0.03080768    0.01363123   -0.06301280
# 1   IMG_0018.JPG      247.9385       31.6718      -84.8211    0.20419158    0.10621996   -0.02301573
# 1   IMG_0019.JPG      266.3580       18.7279      -64.7955    0.21374155    0.12835000    1.60258258
# 1   IMG_0022.JPG      537.6204      123.7628      -39.5771    0.43127043    0.09201703    0.04283388
# 1   IMG_0032.JPG     1006.2781      589.0273      169.8976    1.04757775   -0.07345759    0.23657730
# 1   IMG_0033.JPG     1014.2225      675.6574     -182.6677    1.12739702    0.27624511    0.17778311

Camera    Image           Omega          Phi          Kappa
# 1   IMG_0014.JPG    1.66978061    0.02043943   -0.05811976
# 1   IMG_0015.JPG    1.71467586   -0.02779596    1.46529410
# 1   IMG_0016.JPG    1.58443403   -0.03080481   -0.06259274
# 1   IMG_0018.JPG    1.67925235    0.20302463   -0.04496664
# 1   IMG_0019.JPG    1.70210120    0.21195647    1.57480687
# 1   IMG_0022.JPG    1.67202773    0.42932456    0.00057626
# 1   IMG_0032.JPG    1.42457053    1.04292144    0.36312695
# 1   IMG_0033.JPG    2.15472939    1.05328122   -0.34350446

Orientation Matrices:

   Image             R11           R12           R13           R21           R22           R23           R31           R32           R33
IMG_0014.JPG    0.99810300    0.02604394   -0.05578638    0.05807491   -0.09747449    0.99354216    0.02043801   -0.99489720   -0.09880208
IMG_0015.JPG    0.10526594   -0.14548286    0.98374479   -0.99405567    0.01225303    0.10818131   -0.02779238   -0.98928489   -0.14332824
IMG_0016.JPG    0.99756821   -0.02988373   -0.06296526    0.06252220   -0.01553699    0.99792263   -0.03079994   -0.99943262   -0.01363081
IMG_0018.JPG    0.97847113    0.20511113   -0.02288399    0.04402823   -0.09912367    0.99410060    0.20163275   -0.97370628   -0.10602033
IMG_0019.JPG   -0.00392078   -0.13176329    0.99127346   -0.97761333   -0.20803531   -0.03151948    0.21037299   -0.96920573   -0.12799789
IMG_0022.JPG    0.90924696    0.41406741    0.04263962   -0.00052396   -0.10129722    0.99485607    0.41625675   -0.90459220   -0.09188724
IMG_0032.JPG    0.47085281    0.85068273    0.23374457   -0.17891326   -0.16737052    0.96952419    0.86387944   -0.49832319    0.07339154
IMG_0033.JPG    0.46582059    0.86836772    0.17014311    0.16661693   -0.27491334    0.94692210    0.86905119   -0.41274709   -0.27274506

EO sigmas:

   Image              SX            SY            SZ        SA            SE            SR
IMG_0014.JPG        2.5132        1.9134        1.6083    0.09407968    0.05968525    0.07645243
IMG_0015.JPG        2.9549        2.3369        1.5805    0.11466156    0.07227203    0.09319929
IMG_0016.JPG        2.8767        2.2032        1.2108    0.11204937    0.06742946    0.08826709
IMG_0018.JPG        2.9248        2.1602        1.4545    0.09186357    0.07666999    0.07177643
IMG_0019.JPG        3.0104        2.1269        1.3728    0.09487953    0.07610272    0.07329716
IMG_0022.JPG        3.1427        2.2918        2.5636    0.09096887    0.09517612    0.06418181
IMG_0032.JPG        3.1813        2.5492        3.1387    0.10038891    0.09512160    0.07486464
IMG_0033.JPG        3.0369        1.6525        2.4652    0.09167497    0.07506926    0.07000129
______________________________________________________________________________________________________
