EO/IO Summary (17/12/2018 9:10am)
Project Name: C:\ImagesDissertation\109CANON\Mod\109_1.pmx
______________________________________________________________________________________________________

Camera number: 1, name: Canon EOS 6D, ID: default
Calibration Date: see parameters
Resolution: 5472 x 3648 pixels, Pixel Size = 0.005000 mm

 c =   17.711267 mm
xp =   -0.042308 mm
yp =   -0.070757 mm
K1 =  2.6216e-04
K2 =  2.5381e-07
K3 =  2.5251e-10
P1 =  0.0000e+00
P2 =  0.0000e+00
B1 =  0.0000e+00
B2 =  0.0000e+00

Maximum observational radial distance encountered: 10.6mm
______________________________________________________________________________________________________

Exterior orientation summary (Xc, Yc, Zc are in project units, rotations are in radians)

Camera    Image             Xc            Yc            Zc        Azimuth      Elevation        Roll
# 1   IMG_0014_mod.JPG      -21.7707      -50.9543       26.8532   -0.49495174   -0.20062500    0.01776562
# 1   IMG_0015_mod.JPG      -21.3335      -52.1838       29.4161   -0.55423625   -0.14362815    1.55034706
# 1   IMG_0016_mod.JPG      -19.6930      -46.9072       41.9564   -0.56286909   -0.29239477    0.02805115
# 1   IMG_0019_mod.JPG        0.2973      -58.8850       30.7335   -0.29734972   -0.15943185    1.61397218
# 1   IMG_0022_mod.JPG       24.4449      -60.3482       29.2807   -0.09045633   -0.16790517   -0.00257732
# 1   IMG_0024.JPG       24.1376      -55.0310       46.2295   -0.04900435   -0.38309764    0.03430746
# 1   IMG_0026_mod.JPG       50.2185      -59.4870       28.7106    0.19950856   -0.15391672   -0.00836026
# 1   IMG_0028_mod.JPG       47.3817      -51.7747       44.0939    0.20219708   -0.34512962    0.00394235
# 1   IMG_0029_mod.JPG       48.0226      -56.1498        7.4199    0.18031813    0.06609458   -0.01241893
# 1   IMG_0031_mod.JPG       78.6784      -52.4964       29.3802    0.50580739   -0.13208854    1.56923801
# 1   IMG_0032_mod.JPG       73.9147      -47.0980       43.8372    0.46973070   -0.29954823    0.04218554
# 1   IMG_0033_mod.JPG       75.8399      -50.2854       10.6331    0.47317726    0.07910297   -0.03685846

Camera    Image           Omega          Phi          Kappa
# 1   IMG_0014_mod.JPG    1.34368913   -0.48415648   -0.08938785
# 1   IMG_0015_mod.JPG    1.40232324   -0.54787553    1.46198458
# 1   IMG_0016_mod.JPG    1.22884546   -0.53630853   -0.15185247
# 1   IMG_0019_mod.JPG    1.40417871   -0.29346570    1.56536176
# 1   IMG_0022_mod.JPG    1.40221484   -0.08918084   -0.01773435
# 1   IMG_0024.JPG    1.18728205   -0.04544954    0.01597723
# 1   IMG_0026_mod.JPG    1.41381517    0.19711879    0.02262880
# 1   IMG_0028_mod.JPG    1.21906175    0.19012330    0.07318626
# 1   IMG_0029_mod.JPG    1.63797693    0.17992010   -0.02445850
# 1   IMG_0031_mod.JPG    1.42006825    0.50098906    1.64205598
# 1   IMG_0032_mod.JPG    1.23737245    0.44725236    0.19087497
# 1   IMG_0033_mod.JPG    1.65961513    0.47157698   -0.07729249

Orientation Matrices:

   Image             R11           R12           R13           R21           R22           R23           R31           R32           R33
IMG_0014_mod.JPG    0.88153431   -0.47179890    0.01740837    0.07900900    0.18377671    0.97978758   -0.46546195   -0.86234095    0.19928184
IMG_0015_mod.JPG    0.09270212    0.11092091    0.98949627   -0.84858451    0.52867266    0.02023729   -0.52087488   -0.84154725    0.14313484
IMG_0016_mod.JPG    0.84970894   -0.52656758    0.02685704    0.13003141    0.25864840    0.95717963   -0.51096629   -0.80983183    0.28824618
IMG_0019_mod.JPG    0.00520220    0.16429503    0.98639753   -0.95723296    0.28616257   -0.04261504   -0.28927149   -0.94399053    0.15875729
IMG_0022_mod.JPG    0.99586940   -0.09076168   -0.00254107    0.01766294    0.16620074    0.98593374   -0.08906267   -0.98190612    0.16711735
IMG_0024.JPG    0.99883985   -0.03614985    0.03181431   -0.01596006    0.37480714    0.92696542   -0.04543389   -0.92639775    0.37379535
IMG_0026_mod.JPG    0.98038386    0.19692447   -0.00826133   -0.02218870    0.15192031    0.98814365    0.19584473   -0.96857678    0.15330972
IMG_0028_mod.JPG    0.97935226    0.20212717    0.00370987   -0.07180337    0.33063205    0.94102429    0.18897997   -0.92186065    0.33831866
IMG_0029_mod.JPG    0.98356373    0.18013563   -0.01239150    0.02406129   -0.06274344    0.99773960    0.17895097   -0.98163864   -0.06604647
IMG_0031_mod.JPG   -0.06244953    0.11596806    0.99128778   -0.87488195   -0.48433376    0.00154474    0.48029328   -0.86716332    0.13170477
IMG_0032_mod.JPG    0.88526382    0.46334035    0.04029506   -0.17105716    0.24380405    0.95461984    0.43248979   -0.85198316    0.29508858
IMG_0033_mod.JPG    0.88819327    0.45799919   -0.03673488    0.06878771   -0.05349713    0.99619592    0.45429171   -0.88734142   -0.07902051

EO sigmas:

   Image              SX            SY            SZ        SA            SE            SR
IMG_0014_mod.JPG        0.1492        0.1143        0.0632    0.00277753    0.00133444    0.00205215
IMG_0015_mod.JPG        0.1591        0.1207        0.0596    0.00314719    0.00138634    0.00242993
IMG_0016_mod.JPG        0.1900        0.1437        0.0541    0.00270272    0.00189844    0.00183367
IMG_0019_mod.JPG        0.1959        0.1317        0.0388    0.00303084    0.00185833    0.00204022
IMG_0022_mod.JPG        0.2138        0.1532        0.0861    0.00268603    0.00247212    0.00159528
IMG_0024.JPG        0.5034        0.5818        0.4130    0.00934007    0.00660196    0.00652735
IMG_0026_mod.JPG        0.2531        0.1767        0.1639    0.00363670    0.00231549    0.00299979
IMG_0028_mod.JPG        0.1853        0.1777        0.1805    0.00289390    0.00261570    0.00183863
IMG_0029_mod.JPG        0.1082        0.1054        0.0953    0.00164081    0.00168752    0.00113906
IMG_0031_mod.JPG        0.2105        0.1213        0.2077    0.00219458    0.00262436    0.00176545
IMG_0032_mod.JPG        0.2516        0.2379        0.2915    0.00386156    0.00314467    0.00315698
IMG_0033_mod.JPG        0.1087        0.0783        0.1465    0.00132622    0.00173997    0.00120547
______________________________________________________________________________________________________
